%YAML:1.0
model_path: "../3d_models/"
name_of_pcd: "LM5"
method_of_IG : 0
octomap_resolution: 0.00625
ground_truth_resolution: 0.002
num_of_max_iteration: 10
show: 0
move_wait : 0
nbv_net_path: "D:/jupyter_pytorch_cpu/nbv-net"
p_unknown_upper_bound: 0.65
p_unknown_lower_bound: 0.45
num_of_views : 63
cost_weight: 0.5 
robot_cost_negtive: 0
skip_coefficient : 10.0
num_of_max_flow_node : -1
interesting_threshold : 0.3
see_threshold : 0.5
need_threshold : 0.5
color_width: 1280
color_height: 720
color_fx: 9.1560668945312500e+02
color_fy: 9.1332666015625000e+02
color_ppx: 6.4714532470703125e+02
color_ppy: 3.7251531982421875e+02
color_model: 2
color_k1: 1.2042199820280075e-01
color_k2: -2.1373499929904938e-01
color_k3: 5.3860000334680080e-03
color_p1: -2.1210000850260258e-03
color_p2: 0.
depth_scale: 1.0000000474974513e-03
